21
5 99 0 0
9 99 0 1
13 99 1 2
17 98.8529411764706 1 3
21 99 1 4
25 99 1 5
29 99 1 6
33 99 1 7
7 70 0 8
14 63 0 9
19 70 0 10
24 63 0 11
31 70 0 12
15 21 0 13
19 21 0 14
23 21 0 15
15 0 0 16
19 0 0 17
23 0 0 18
5 113 1 19
9 113 1 20
20
0 8 5 90 7 79
1 8 9 90 7 79
3 10 17 89.8529411764706 19 79
4 10 21 90 19 79
6 12 29 90 31 79
7 12 33 90 31 79
5 11 25 85 24 75
2 9 13 85 14 75
9 13 14 50 15 35
9 14 14 50 19 35
10 14 19 55 19 35
11 14 24 50 19 35
11 15 24 50 23 35
12 15 31 55 23 35
8 13 7 55 15 35
13 16 15 14 15 7
14 17 19 14 19 7
15 18 23 14 23 7
19 0 5 108.333333333333 5 103.666666666667
20 1 9 108.333333333333 9 103.666666666667
